-7.715129852294921875e-01 3.035700023174285889e-01 -1.094125032424926758e+00
-7.403990030288696289e-01 1.053429991006851196e-01 -1.081477999687194824e+00
-6.950629949569702148e-01 -8.990400284528732300e-02 -1.055400967597961426e+00
-6.482899785041809082e-01 -2.516179978847503662e-01 -1.021314024925231934e+00
-5.916460156440734863e-01 -4.211960136890411377e-01 -9.104859828948974609e-01
-4.769490063190460205e-01 -5.859929919242858887e-01 -7.560229897499084473e-01
-3.695349991321563721e-01 -6.461319923400878906e-01 -5.775740146636962891e-01
-2.108999937772750854e-01 -7.291569709777832031e-01 -4.260810017585754395e-01
2.392000053077936172e-03 -7.788529992103576660e-01 -3.489589989185333252e-01
2.121250033378601074e-01 -7.369310259819030762e-01 -4.277110099792480469e-01
3.659110069274902344e-01 -6.516469717025756836e-01 -5.722669959068298340e-01
4.737209975719451904e-01 -5.900949835777282715e-01 -7.532950043678283691e-01
5.903170108795166016e-01 -4.246320128440856934e-01 -9.127140045166015625e-01
6.427419781684875488e-01 -2.550590038299560547e-01 -1.025936007499694824e+00
6.883029937744140625e-01 -9.210900217294692993e-02 -1.062361955642700195e+00
7.290620207786560059e-01 1.033399999141693115e-01 -1.093039989471435547e+00
7.642949819564819336e-01 3.012030124664306641e-01 -1.105517029762268066e+00
-5.593259930610656738e-01 4.930349886417388916e-01 -4.300079941749572754e-01
-4.825209975242614746e-01 5.554019808769226074e-01 -3.316240012645721436e-01
-3.553969860076904297e-01 5.739409923553466797e-01 -2.423720061779022217e-01
-2.341549992561340332e-01 5.602610111236572266e-01 -1.986789703369140625e-01
-1.466979980468750000e-01 5.354220271110534668e-01 -1.886529922485351562e-01
1.600009948015213013e-01 5.354279875755310059e-01 -1.886330246925354004e-01
2.491009980440139771e-01 5.604559779167175293e-01 -2.003189921379089355e-01
3.737590014934539795e-01 5.715379714965820312e-01 -2.491369843482971191e-01
5.021510124206542969e-01 5.514889955520629883e-01 -3.431589901447296143e-01
5.718380212783813477e-01 4.938789904117584229e-01 -4.403029978275299072e-01
6.349000148475170135e-03 3.364630043506622314e-01 -1.809639930725097656e-01
5.843999795615673065e-03 2.241259962320327759e-01 -1.171240210533142090e-01
5.760000087320804596e-03 1.140210032463073730e-01 -4.587197303771972656e-02
4.501999821513891220e-03 1.334599964320659637e-02 0.000000000000000000e+00
-1.174150034785270691e-01 -9.107299894094467163e-02 -1.993629932403564453e-01
-7.003100216388702393e-02 -1.194240003824234009e-01 -1.775519847869873047e-01
4.885999951511621475e-03 -1.294250041246414185e-01 -1.477119922637939453e-01
7.753399759531021118e-02 -1.171910017728805542e-01 -1.784819960594177246e-01
1.262760013341903687e-01 -9.233199805021286011e-02 -1.968989968299865723e-01
-4.474990069866180420e-01 3.454590141773223877e-01 -3.798849880695343018e-01
-3.494249880313873291e-01 3.964439928531646729e-01 -2.890680134296417236e-01
-2.664040029048919678e-01 3.909690082073211670e-01 -2.976830005645751953e-01
-1.730899959802627563e-01 3.174700140953063965e-01 -3.345290124416351318e-01
-2.668919861316680908e-01 3.003540039062500000e-01 -3.159109950065612793e-01
-3.570080101490020752e-01 3.028680086135864258e-01 -3.259199857711791992e-01
1.832080036401748657e-01 3.188289999961853027e-01 -3.331759870052337646e-01
2.789979875087738037e-01 3.920840024948120117e-01 -3.018499910831451416e-01
3.639450073242187500e-01 3.948580026626586914e-01 -2.973060011863708496e-01
4.579949975013732910e-01 3.449189960956573486e-01 -3.843879997730255127e-01
3.591040074825286865e-01 2.997229993343353271e-01 -3.234750032424926758e-01
2.702510058879852295e-01 3.026709854602813721e-01 -3.185350000858306885e-01
-2.235929965972900391e-01 -3.407680094242095947e-01 -2.997959852218627930e-01
-1.385010033845901489e-01 -2.748700082302093506e-01 -2.004439830780029297e-01
-5.550000071525573730e-02 -2.474240064620971680e-01 -1.517850160598754883e-01
4.741000011563301086e-03 -2.490279972553253174e-01 -1.433309912681579590e-01
6.413900107145309448e-02 -2.493129968643188477e-01 -1.531890034675598145e-01
1.446390002965927124e-01 -2.795250117778778076e-01 -2.013319730758666992e-01
2.242410033941268921e-01 -3.437429964542388916e-01 -2.997159957885742188e-01
1.585759967565536499e-01 -3.876209855079650879e-01 -2.430149912834167480e-01
7.995899766683578491e-02 -4.193800091743469238e-01 -1.923589706420898438e-01
2.886000089347362518e-03 -4.228320121765136719e-01 -1.808940172195434570e-01
-7.734499871730804443e-02 -4.149590134620666504e-01 -1.916099786758422852e-01
-1.557530015707015991e-01 -3.825579881668090820e-01 -2.462149858474731445e-01
-1.874980032444000244e-01 -3.414109945297241211e-01 -2.970089912414550781e-01
-9.365999698638916016e-02 -3.201549947261810303e-01 -2.413899898529052734e-01
3.102000104263424873e-03 -3.213990032672882080e-01 -2.127130031585693359e-01
9.804800152778625488e-02 -3.227669894695281982e-01 -2.425059974193572998e-01
1.902939975261688232e-01 -3.432079851627349854e-01 -2.980479896068572998e-01
1.004950031638145447e-01 -3.383370041847229004e-01 -2.513679862022399902e-01
4.062000196427106857e-03 -3.372069895267486572e-01 -2.226330041885375977e-01
-9.511999785900115967e-02 -3.363519906997680664e-01 -2.533360123634338379e-01
6.889050006866455078e-01 7.428669929504394531e-01 -7.614290118217468262e-01
-6.830229759216308594e-01 7.453299760818481445e-01 -7.542570233345031738e-01
9.748999960720539093e-03 9.814500212669372559e-01 -2.624990046024322510e-01
-9.084690213203430176e-01 3.407199978828430176e-01 -1.320497035980224609e+00
9.097219705581665039e-01 3.308899998664855957e-01 -1.332819938659667969e+00
5.235999822616577148e-03 1.391106009483337402e+00 -1.301126956939697266e+00
-3.472999902442097664e-03 3.584989905357360840e-01 -1.993690013885498047e+00
-4.257130026817321777e-01 3.464690148830413818e-01 -1.861963033676147461e+00
4.659430086612701416e-01 3.380509912967681885e-01 -1.832048058509826660e+00
7.051470279693603516e-01 7.537140250205993652e-01 -1.515631914138793945e+00
-7.033900022506713867e-01 7.597579956054687500e-01 -1.505952000617980957e+00
-3.420000139158219099e-04 9.686970114707946777e-01 -1.919245958328247070e+00
